11.96032,84.86912,18.96448,84.86912
19.6608,84.86912,41.86112,84.86912
42.55744,84.86912,49.47968,84.86912
50.21696,84.86912,57.1392,84.86912
67.1744,85.15584,11.6736,85.15584
67.1744,85.1968,60.6208,85.1968
95.39584,84.86912,95.39584,84.29568
95.39584,83.59936,95.39584,79.74912
95.39584,79.0528,95.39584,72.66304
95.39584,72.66304,95.88736,72.66304
95.88736,72.66304,95.88736,85.15584
95.39584,71.43424,95.39584,71.18848
95.39584,70.49216,95.39584,66.92864
95.39584,66.23232,95.39584,65.37216
95.88736,65.08544,95.88736,71.43424
95.88736,71.43424,95.39584,71.43424
95.39584,65.37216,88.39168,65.37216
87.69536,65.37216,80.77312,65.37216
80.03584,65.37216,73.1136,65.37216
72.41728,65.37216,65.49504,65.37216
64.75776,65.37216,57.83552,65.37216
57.1392,65.37216,50.21696,65.37216
83.18976,65.08544,83.968,65.08544
84.13184,65.08544,85.64736,65.08544
85.85216,65.08544,86.6304,65.08544
86.79424,65.08544,95.88736,65.08544
11.96032,65.37216,11.96032,65.90464
11.96032,66.64192,11.96032,70.49216
11.96032,71.14752,11.96032,79.0528
11.96032,79.74912,11.96032,83.31264
11.96032,84.00896,11.96032,84.86912
11.6736,85.15584,11.6736,65.08544
88.14592,66.06848,88.14592,70.53312
88.22784,70.73792,87.94112,70.73792
87.94112,70.73792,87.94112,70.49216
87.94112,70.32832,87.94112,66.23232
88.14592,70.53312,88.22784,70.53312
88.22784,70.53312,88.22784,70.73792
89.57952,70.73792,89.12896,70.73792
89.12896,70.73792,89.12896,70.53312
53.90336,72.37632,53.90336,72.54016
53.90336,72.54016,53.78048,72.54016
53.90336,73.728,53.90336,73.89184
53.90336,74.01472,53.90336,74.09664
53.90336,74.09664,53.78048,74.09664
53.78048,74.09664,53.78048,73.728
53.78048,73.728,53.90336,73.728
53.90336,74.99776,53.90336,78.06976
53.78048,78.06976,53.78048,74.99776
53.78048,74.99776,53.90336,74.99776
61.39904,65.57696,61.39904,70.36928
61.27616,70.36928,61.27616,65.57696
68.89472,70.36928,68.89472,65.57696
69.0176,65.57696,69.0176,70.36928
12.82048,79.50336,17.16224,79.50336
17.32608,79.50336,18.2272,79.50336
18.2272,79.50336,18.2272,79.70816
18.2272,79.70816,12.65664,79.70816
12.65664,79.70816,12.65664,79.50336
19.12832,79.50336,19.41504,79.50336
19.21024,79.70816,19.12832,79.70816
19.12832,79.70816,19.12832,79.50336
19.21024,84.1728,19.21024,83.80416
19.21024,82.90304,19.21024,82.28864
19.21024,82.08384,19.21024,79.70816
19.41504,79.50336,19.41504,80.81408
19.41504,80.93696,19.41504,82.90304
19.41504,83.80416,19.41504,84.00896
89.86624,70.8608,89.86624,71.2704
89.86624,71.2704,89.57952,71.2704
89.57952,71.2704,89.57952,70.73792
89.86624,72.17152,89.86624,72.62208
89.57952,72.2944,89.57952,72.17152
89.57952,72.17152,89.86624,72.17152
85.36064,70.32832,85.36064,65.61792
85.52448,65.61792,85.52448,70.32832
39.07584,69.67296,39.07584,65.37216
39.1168,65.37216,39.1168,69.71392
44.97408,69.71392,45.95712,69.71392
43.90912,69.8368,41.69728,69.8368
40.18176,69.8368,36.08576,69.8368
41.69728,69.71392,43.90912,69.71392
39.1168,69.71392,40.18176,69.71392
57.58976,66.23232,57.58976,69.50912
57.58976,69.67296,57.58976,70.49216
57.58976,70.49216,57.30304,70.49216
57.38496,70.32832,57.38496,66.19136
52.26496,72.25344,52.26496,74.42432
52.06016,74.21952,52.06016,72.45824
52.26496,78.06976,52.34688,78.06976
52.34688,78.06976,52.34688,78.19264
53.248,78.06976,53.78048,78.06976
53.90336,78.06976,57.344,78.06976
57.38496,78.19264,53.248,78.19264
53.248,78.19264,53.248,78.06976
48.7424,75.1616,50.42176,75.1616
50.42176,76.26752,50.42176,75.32544
50.42176,75.32544,48.7424,75.32544
50.42176,75.1616,50.42176,74.21952
50.5856,74.42432,50.5856,76.06272
50.42176,74.21952,51.07712,74.21952
51.07712,74.21952,51.07712,74.42432
51.07712,74.42432,50.5856,74.42432
51.97824,74.21952,52.06016,74.21952
52.26496,74.42432,51.97824,74.42432
51.97824,74.42432,51.97824,74.21952
48.61952,76.96384,48.61952,75.44832
48.7424,73.44128,48.7424,75.1616
48.7424,75.32544,48.7424,76.96384
48.7424,76.96384,48.61952,76.96384
48.7424,76.96384,48.66048,76.96384
48.66048,75.03872,48.66048,75.3664
50.5856,76.06272,51.07712,76.06272
51.07712,76.06272,51.07712,76.26752
51.07712,76.26752,50.42176,76.26752
51.97824,76.06272,52.26496,76.06272
52.06016,76.26752,51.97824,76.26752
51.97824,76.26752,51.97824,76.06272
52.26496,76.06272,52.26496,78.06976
52.06016,78.0288,52.06016,76.26752
44.56448,78.0288,49.64352,78.0288
50.05312,78.0288,52.06016,78.0288
52.34688,78.19264,41.7792,78.19264
44.56448,72.45824,44.56448,74.9568
44.56448,75.44832,44.56448,78.0288
44.40064,78.06976,44.40064,72.37632
44.56448,75.3664,44.56448,75.03872
57.71264,72.54016,58.1632,72.54016
58.28608,72.54016,64.02048,72.54016
64.02048,72.54016,64.02048,72.78592
64.02048,72.78592,57.58976,72.78592
64.96256,72.54016,65.04448,72.54016
65.04448,72.78592,64.96256,72.78592
64.96256,72.78592,64.96256,72.54016
82.20672,84.86912,82.20672,77.94688
82.41152,72.62208,82.41152,84.86912
72.66304,77.57824,72.66304,72.66304
72.86784,72.66304,72.86784,77.57824
48.61952,74.9568,48.61952,73.44128
48.61952,73.44128,48.7424,73.44128
65.20832,66.23232,65.20832,69.91872
65.08544,69.91872,65.08544,66.23232
72.82688,66.23232,72.82688,70.36928
72.704,70.36928,72.704,66.23232
58.20416,70.36928,58.85952,70.36928
58.85952,70.36928,58.85952,70.49216
58.85952,70.49216,58.08128,70.49216
58.08128,70.49216,58.08128,70.36928
61.19424,70.36928,61.27616,70.36928
61.39904,70.36928,61.44,70.36928
61.44,70.36928,61.44,70.49216
61.44,70.49216,61.19424,70.49216
61.19424,70.49216,61.19424,70.36928
63.77472,70.36928,64.83968,70.36928
65.41312,70.36928,66.56,70.36928
66.56,70.36928,66.56,70.49216
66.56,70.49216,65.29024,70.49216
64.96256,70.49216,63.77472,70.49216
63.77472,70.49216,63.77472,70.36928
68.85376,70.36928,68.89472,70.36928
69.0176,70.36928,69.05856,70.36928
69.05856,70.36928,69.05856,70.49216
69.05856,70.49216,68.85376,70.49216
68.85376,70.49216,68.85376,70.36928
71.39328,70.36928,72.704,70.36928
72.82688,70.36928,74.17856,70.36928
74.17856,70.36928,74.17856,70.49216
74.17856,70.49216,71.39328,70.49216
71.39328,70.49216,71.39328,70.36928
76.47232,70.36928,76.51328,70.36928
76.75904,70.49216,76.47232,70.49216
76.47232,70.49216,76.47232,70.36928
52.06016,72.45824,50.13504,72.45824
49.5616,72.45824,44.56448,72.45824
45.58848,72.25344,45.58848,72.33536
45.58848,72.33536,45.8752,72.33536
45.8752,72.33536,45.8752,72.25344
45.8752,72.25344,49.60256,72.25344
50.09408,72.25344,52.26496,72.25344
72.58112,72.62208,70.53312,72.62208
70.53312,72.62208,70.53312,72.2944
70.53312,72.2944,72.4992,72.2944
68.73088,72.62208,65.37216,72.62208
65.04448,72.54016,65.04448,72.2944
65.04448,72.2944,68.73088,72.2944
68.73088,72.2944,68.73088,72.62208
65.1264,49.68448,49.9712,49.68448
50.21696,49.39776,57.1392,49.39776
57.83552,49.39776,64.83968,49.39776
11.6736,29.57312,40.01792,29.57312
65.1264,29.57312,41.82016,29.57312
40.22272,29.57312,41.61536,29.57312
34.93888,29.9008,41.86112,29.9008
49.47968,29.9008,42.55744,29.9008
57.1392,29.9008,50.21696,29.9008
64.83968,29.9008,57.83552,29.9008
11.96032,29.9008,18.96448,29.9008
19.6608,29.9008,26.58304,29.9008
11.6736,49.68448,11.6736,44.35968
11.96032,44.27776,11.96032,48.128
11.96032,48.82432,11.96032,49.39776
64.83968,49.39776,64.83968,48.5376
64.83968,47.84128,64.83968,44.35968
65.1264,44.35968,65.1264,49.68448
12.65664,35.06176,15.48288,35.06176
15.48288,35.06176,18.2272,35.06176
18.2272,35.06176,18.2272,35.26656
18.2272,35.26656,16.87552,35.26656
16.75264,35.26656,12.82048,35.26656
19.12832,35.06176,19.16928,35.06176
19.16928,36.6592,19.16928,35.26656
19.16928,35.26656,19.12832,35.26656
19.12832,35.26656,19.12832,35.06176
19.16928,35.06176,19.16928,30.55616
19.49696,30.55616,19.49696,36.74112
64.14336,44.2368,58.5728,44.2368
58.5728,44.2368,58.5728,44.032
58.5728,44.032,60.17024,44.032
60.29312,44.032,64.14336,44.032
57.67168,44.2368,57.58976,44.2368
57.67168,44.2368,57.67168,44.032
57.67168,44.032,57.38496,44.032
57.38496,44.032,57.38496,44.032
57.58976,44.2368,57.58976,47.3088
57.58976,47.5136,57.58976,47.59552
57.58976,47.59552,57.38496,47.59552
57.38496,47.59552,57.38496,44.15488
57.58976,48.49664,57.58976,48.70144
57.38496,48.57856,57.38496,48.49664
57.38496,48.49664,57.58976,48.49664
49.93024,38.62528,49.93024,42.10688
49.80736,42.06592,49.80736,38.5024
47.22688,36.98688,47.22688,42.31168
47.104,42.43456,47.104,41.49248
42.31168,48.57856,42.31168,47.47264
42.31168,47.39072,42.31168,45.58848
42.35264,45.58848,42.35264,48.57856
45.95712,45.58848,45.34272,45.58848
45.34272,45.58848,45.34272,45.4656
45.34272,45.4656,45.91616,45.4656
44.11392,45.58848,38.54336,45.58848
38.58432,45.4656,42.02496,45.4656
42.3936,45.4656,43.70432,45.4656
43.8272,45.4656,44.11392,45.4656
44.11392,45.4656,44.11392,45.58848
38.37952,48.78336,38.37952,47.80032
38.37952,47.80032,38.54336,47.80032
38.54336,47.80032,38.54336,48.57856
38.54336,48.70144,38.54336,48.82432
38.37952,46.2848,38.37952,45.54752
38.54336,45.58848,38.54336,46.2848
38.54336,46.2848,38.37952,46.2848
38.54336,48.57856,45.95712,48.57856
45.95712,48.70144,38.54336,48.70144
23.01952,54.64064,23.01952,49.68448
23.30624,49.39776,23.30624,54.35392
49.9712,49.68448,49.9712,54.64064
49.64352,54.35392,49.64352,49.39776
23.01952,49.68448,11.6736,49.68448
11.96032,49.39776,18.96448,49.39776
19.6608,49.39776,22.77376,49.39776
23.30624,54.35392,49.64352,54.35392
49.9712,54.64064,23.01952,54.64064
74.21952,70.41024,75.48928,70.41024
75.48928,70.41024,75.48928,70.4512
75.48928,70.4512,74.21952,70.4512
75.48928,70.36928,74.21952,70.36928
75.48928,70.49216,74.21952,70.49216
76.43136,70.36928,76.47232,70.36928
76.47232,70.36928,76.47232,70.36928
76.43136,70.36928,76.43136,70.49216
76.43136,70.49216,76.47232,70.49216
76.47232,70.49216,76.47232,70.49216
74.17856,70.36928,74.17856,70.36928
74.17856,70.36928,74.21952,70.36928
74.21952,70.36928,74.21952,70.49216
74.21952,70.49216,74.17856,70.49216
74.17856,70.49216,74.17856,70.49216
75.48928,70.36928,75.53024,70.36928
75.53024,70.36928,75.53024,70.49216
75.53024,70.49216,75.48928,70.49216
76.51328,70.36928,76.51328,65.57696
76.67712,65.61792,76.67712,70.32832
11.96032,35.2256,10.36288,35.2256
10.0352,34.93888,11.6736,34.93888
10.36288,35.2256,10.36288,44.07296
10.0352,44.35968,10.0352,34.93888
10.36288,44.07296,11.96032,44.07296
11.6736,44.35968,10.0352,44.35968
11.6736,34.93888,11.6736,29.57312
11.96032,29.9008,11.96032,30.76096
11.96032,31.41632,11.96032,34.93888
64.83968,44.07296,66.43712,44.07296
66.72384,44.35968,65.1264,44.35968
66.43712,44.07296,66.43712,35.2256
66.72384,34.89792,66.72384,44.35968
66.43712,35.2256,64.83968,35.2256
65.1264,34.89792,66.72384,34.89792
64.83968,35.0208,64.83968,31.17056
64.83968,30.43328,64.83968,29.9008
65.1264,29.57312,65.1264,34.89792
82.20672,77.94688,80.65024,77.94688
80.65024,77.74208,82.20672,77.74208
80.15872,77.94688,72.99072,77.94688
73.03168,77.74208,80.15872,77.74208
82.20672,72.62208,80.56832,72.62208
80.65024,72.2944,80.85504,72.2944
80.85504,72.2944,80.85504,72.41728
80.85504,72.41728,81.14176,72.41728
81.14176,72.41728,81.14176,72.2944
81.14176,72.2944,82.5344,72.2944
80.24064,72.62208,74.99776,72.62208
74.99776,72.62208,74.99776,72.2944
74.99776,72.2944,80.15872,72.2944
73.19552,72.62208,72.94976,72.62208
73.03168,72.2944,73.19552,72.2944
73.19552,72.2944,73.19552,72.62208
89.86624,72.62208,88.22784,72.62208
87.8592,72.62208,84.33664,72.62208
84.33664,72.62208,84.33664,72.2944
84.33664,72.2944,87.77728,72.2944
88.30976,72.2944,89.57952,72.2944
82.5344,72.2944,82.5344,72.62208
82.5344,72.62208,82.41152,72.62208
45.99808,69.67296,47.5136,69.67296
47.5136,69.67296,47.5136,69.8368
47.5136,69.8368,44.97408,69.8368
48.70144,69.67296,48.82432,69.67296
48.82432,69.8368,48.70144,69.8368
48.70144,69.8368,48.70144,69.67296
80.77312,84.86912,87.69536,84.86912
88.39168,84.86912,95.39584,84.86912
95.88736,85.15584,69.67296,85.15584
76.47232,85.1968,69.67296,85.1968
57.83552,84.86912,64.75776,84.86912
65.49504,84.86912,67.1744,84.86912
67.1744,84.86912,67.1744,85.15584
69.67296,84.86912,72.41728,84.86912
73.1136,84.86912,80.03584,84.86912
69.67296,85.15584,69.67296,84.86912
49.47968,65.37216,46.36672,65.37216
45.6704,65.37216,42.55744,65.37216
41.86112,65.37216,39.1168,65.37216
39.07584,65.37216,38.74816,65.37216
38.05184,65.37216,34.93888,65.37216
34.2016,65.37216,31.08864,65.37216
30.39232,65.37216,27.27936,65.37216
26.58304,65.37216,23.47008,65.37216
22.77376,65.37216,19.6608,65.37216
18.96448,65.37216,11.96032,65.37216
11.6736,65.08544,82.98496,65.08544
57.83552,65.37216,57.83552,66.06848
57.83552,66.06848,57.1392,66.06848
57.1392,66.06848,57.1392,65.37216
65.49504,65.37216,65.49504,66.06848
65.49504,66.06848,64.75776,66.06848
64.75776,66.06848,64.75776,65.37216
73.1136,65.37216,73.1136,66.06848
73.1136,66.06848,72.41728,66.06848
72.41728,66.06848,72.41728,65.37216
80.77312,65.37216,80.77312,66.06848
80.77312,66.06848,80.03584,66.06848
80.03584,66.06848,80.03584,65.37216
88.39168,65.37216,88.39168,66.06848
88.39168,66.06848,87.69536,66.06848
87.69536,66.06848,87.69536,65.37216
95.39584,66.92864,94.69952,66.92864
94.69952,66.92864,94.69952,66.23232
94.69952,66.23232,95.39584,66.23232
95.39584,71.18848,94.69952,71.18848
94.69952,71.18848,94.69952,70.49216
94.69952,70.49216,95.39584,70.49216
95.39584,79.74912,94.69952,79.74912
94.69952,79.74912,94.69952,79.0528
94.69952,79.0528,95.39584,79.0528
95.39584,84.29568,94.69952,84.29568
94.69952,84.29568,94.69952,83.59936
94.69952,83.59936,95.39584,83.59936
87.69536,84.86912,87.69536,84.1728
87.69536,84.1728,88.39168,84.1728
88.39168,84.1728,88.39168,84.86912
80.03584,84.86912,80.03584,84.1728
80.03584,84.1728,80.77312,84.1728
80.77312,84.1728,80.77312,84.86912
72.41728,84.86912,72.41728,84.1728
72.41728,84.1728,73.1136,84.1728
73.1136,84.1728,73.1136,84.86912
64.75776,84.86912,64.75776,84.1728
64.75776,84.1728,65.49504,84.1728
65.49504,84.1728,65.49504,84.86912
57.1392,84.86912,57.1392,84.1728
57.1392,84.1728,57.83552,84.1728
57.83552,84.1728,57.83552,84.86912
50.21696,84.1728,50.21696,84.86912
49.47968,84.86912,49.47968,84.1728
49.47968,84.1728,50.21696,84.1728
41.86112,84.86912,41.86112,84.1728
41.86112,84.1728,42.55744,84.1728
42.55744,84.1728,42.55744,84.86912
18.96448,84.86912,18.96448,84.1728
18.96448,84.1728,19.6608,84.1728
19.6608,84.1728,19.6608,84.86912
11.96032,70.49216,12.65664,70.49216
12.65664,70.49216,12.65664,71.14752
12.65664,71.14752,11.96032,71.14752
11.96032,79.0528,12.65664,79.0528
12.65664,79.0528,12.65664,79.74912
12.65664,79.74912,11.96032,79.74912
11.96032,83.31264,12.65664,83.31264
12.65664,83.31264,12.65664,84.00896
12.65664,84.00896,11.96032,84.00896
11.96032,65.90464,12.65664,65.90464
12.65664,65.90464,12.65664,66.64192
12.65664,66.64192,11.96032,66.64192
19.6608,29.9008,19.6608,30.55616
19.6608,30.55616,18.96448,30.55616
18.96448,30.55616,18.96448,29.9008
27.27936,29.9008,27.27936,30.55616
27.27936,30.55616,26.58304,30.55616
26.58304,30.55616,26.58304,29.9008
34.93888,29.9008,34.93888,30.55616
34.93888,30.55616,34.2016,30.55616
34.2016,30.55616,34.2016,29.9008
41.86112,29.9008,41.86112,30.55616
41.86112,30.55616,42.55744,30.55616
42.55744,30.55616,42.55744,29.9008
50.21696,29.9008,50.21696,30.55616
50.21696,30.55616,49.47968,30.55616
49.47968,30.55616,49.47968,29.9008
57.83552,29.9008,57.83552,30.55616
57.83552,30.55616,57.1392,30.55616
57.1392,30.55616,57.1392,29.9008
11.96032,30.76096,12.61568,30.76096
12.61568,30.76096,12.61568,31.41632
12.61568,31.41632,11.96032,31.41632
22.77376,49.39776,22.77376,48.70144
22.77376,48.70144,23.47008,48.70144
23.47008,48.70144,23.47008,49.39776
49.47968,49.39776,49.47968,48.70144
49.47968,48.70144,50.21696,48.70144
50.21696,48.70144,50.21696,49.39776
57.1392,49.39776,57.1392,48.70144
57.1392,48.70144,57.83552,48.70144
57.83552,48.70144,57.83552,49.39776
11.96032,34.89792,12.65664,34.89792
12.65664,34.89792,12.65664,35.71712
12.65664,35.71712,11.96032,35.71712
11.96032,43.58144,12.65664,43.58144
12.65664,43.58144,12.65664,44.27776
12.65664,44.27776,11.96032,44.27776
64.83968,35.71712,64.14336,35.71712
64.14336,35.71712,64.14336,35.0208
64.14336,35.0208,64.83968,35.0208
64.83968,44.35968,64.14336,44.35968
64.14336,44.35968,64.14336,43.58144
64.14336,43.58144,64.83968,43.58144
64.83968,31.17056,64.14336,31.17056
64.14336,31.17056,64.14336,30.43328
64.14336,30.43328,64.83968,30.43328
64.83968,48.5376,64.14336,48.5376
64.14336,48.5376,64.14336,47.84128
64.14336,47.84128,64.83968,47.84128
11.96032,48.128,12.65664,48.128
12.65664,48.128,12.65664,48.82432
12.65664,48.82432,11.96032,48.82432
18.96448,49.39776,18.96448,48.70144
18.96448,48.70144,19.6608,48.70144
19.6608,48.70144,19.6608,49.39776
27.0336,44.15488,27.0336,48.7424
26.86976,48.78336,26.86976,44.15488
26.74688,44.032,29.36832,44.032
29.24544,44.15488,27.0336,44.15488
32.3584,54.14912,32.3584,50.42176
32.3584,50.42176,32.5632,50.42176
32.5632,50.42176,32.5632,50.83136
32.5632,50.95424,32.5632,54.14912
32.3584,49.47968,32.3584,49.39776
32.5632,49.39776,32.5632,49.47968
32.5632,49.47968,32.3584,49.47968
32.39936,49.47968,32.39936,49.3568
32.52224,49.3568,32.52224,49.47968
32.5632,50.83136,33.792,50.83136
33.792,50.83136,33.792,50.95424
33.792,50.95424,32.5632,50.95424
34.69312,50.83136,35.10272,50.83136
35.10272,50.83136,35.10272,50.95424
35.10272,50.95424,34.97984,50.95424
34.816,50.95424,34.69312,50.95424
34.69312,50.95424,34.69312,50.83136
36.00384,50.83136,38.66624,50.83136
38.66624,50.83136,38.66624,50.95424
38.66624,50.95424,37.43744,50.95424
37.23264,50.95424,36.00384,50.95424
36.00384,50.95424,36.00384,50.83136
39.56736,50.83136,39.97696,50.83136
39.97696,50.83136,39.97696,50.95424
39.97696,50.95424,39.85408,50.95424
39.69024,50.95424,39.56736,50.95424
39.56736,50.95424,39.56736,50.83136
40.87808,50.83136,42.10688,50.83136
42.10688,50.95424,40.87808,50.95424
40.87808,50.95424,40.87808,50.83136
34.65216,44.032,34.65216,48.78336
34.48832,48.7424,34.48832,44.15488
27.15648,49.19296,27.52512,49.19296
27.72992,49.19296,28.91776,49.19296
28.95872,49.19296,30.43328,49.19296
31.04768,49.19296,32.5632,49.19296
32.60416,49.19296,33.792,49.19296
33.9968,49.19296,34.32448,49.19296
35.88096,49.39776,32.5632,49.39776
32.3584,49.39776,23.67488,49.39776
34.32448,48.9472,33.9968,48.9472
33.792,48.7424,34.48832,48.7424
33.9968,48.9472,33.9968,49.19296
33.792,49.19296,33.792,48.7424
27.0336,48.7424,27.72992,48.7424
27.52512,48.9472,27.19744,48.9472
27.72992,48.7424,27.72992,49.19296
27.52512,49.19296,27.52512,48.9472
28.91776,46.73536,30.43328,46.73536
30.43328,46.73536,28.95872,46.73536
30.43328,47.67744,28.95872,47.67744
28.95872,47.63648,30.43328,47.63648
28.95872,46.73536,28.95872,46.8992
28.95872,46.8992,28.91776,46.8992
28.91776,46.8992,28.91776,46.73536
28.95872,47.5136,28.95872,47.63648
28.95872,47.67744,28.95872,48.3328
28.95872,48.3328,28.91776,48.3328
28.91776,48.3328,28.91776,47.5136
28.91776,47.5136,28.95872,47.5136
28.95872,49.152,28.95872,49.23392
28.91776,49.23392,28.91776,49.152
28.91776,49.152,28.95872,49.152
31.04768,47.63648,32.5632,47.63648
32.5632,47.67744,31.04768,47.67744
32.60416,46.03904,32.5632,46.03904
32.60416,46.61248,32.60416,46.98112
32.60416,46.98112,32.5632,46.98112
32.5632,46.98112,32.5632,46.73536
32.5632,46.73536,32.5632,46.61248
32.60416,47.59552,32.60416,48.3328
32.60416,48.3328,32.5632,48.3328
32.5632,48.3328,32.5632,47.67744
32.5632,47.63648,32.5632,47.59552
32.5632,47.59552,32.60416,47.59552
32.60416,49.152,32.60416,49.23392
32.5632,49.23392,32.5632,49.152
32.5632,49.152,32.60416,49.152
32.5632,45.79328,32.5632,46.03904
32.60416,45.79328,32.60416,46.03904
32.5632,46.73536,31.04768,46.73536
32.64512,45.79328,32.60416,45.79328
32.5632,45.79328,31.04768,45.79328
30.43328,45.79328,28.42624,45.79328
28.42624,45.79328,28.42624,45.6704
28.42624,45.6704,29.24544,45.6704
29.36832,45.6704,32.07168,45.6704
32.19456,45.6704,32.64512,45.6704
32.64512,45.6704,32.64512,45.79328
29.24544,45.6704,29.24544,45.21984
29.24544,45.21984,29.36832,45.21984
29.36832,45.21984,29.36832,45.6704
29.24544,44.31872,29.24544,44.15488
29.36832,44.032,29.36832,44.31872
29.36832,44.31872,29.24544,44.31872
31.04768,45.79328,31.04768,46.73536
31.04768,46.73536,31.04768,47.63648
31.04768,47.67744,31.04768,49.19296
30.43328,49.19296,30.43328,47.67744
30.43328,47.63648,30.43328,46.73536
30.43328,46.73536,30.43328,45.79328
30.55616,48.86528,30.55616,45.79328
30.96576,48.86528,30.96576,45.79328
34.77504,49.27488,35.88096,49.27488
35.88096,49.27488,35.88096,49.39776
37.0688,49.27488,38.21568,49.27488
38.37952,49.3568,38.37952,49.39776
38.37952,49.39776,37.0688,49.39776
37.0688,49.39776,37.0688,49.27488
57.38496,44.15488,57.30304,44.15488
57.30304,44.15488,57.30304,44.032
57.30304,44.032,57.38496,44.032
56.40192,44.15488,49.93024,44.15488
49.80736,44.15488,48.04608,44.15488
48.04608,44.15488,48.04608,44.032
48.04608,44.032,56.40192,44.032
56.40192,44.032,56.40192,44.15488
46.24384,44.15488,46.12096,44.15488
45.91616,44.032,46.24384,44.032
46.24384,44.032,46.24384,44.15488
36.98688,42.31168,41.94304,42.31168
41.94304,42.43456,36.864,42.43456
17.44896,36.78208,17.44896,44.032
17.32608,44.15488,17.32608,36.90496
42.14784,45.17888,42.14784,44.15488
42.31168,44.032,42.31168,44.68736
42.31168,44.76928,42.31168,45.17888
26.86976,44.15488,26.74688,44.15488
26.74688,44.15488,26.74688,44.032
25.84576,44.15488,21.38112,44.15488
21.25824,44.032,25.84576,44.032
25.84576,44.032,25.84576,44.15488
23.67488,49.19296,26.70592,49.19296
42.47552,42.31168,45.38368,42.31168
45.50656,42.43456,42.47552,42.43456
38.2976,45.17888,38.2976,44.032
38.42048,44.15488,38.42048,45.17888
48.61952,75.44832,44.56448,75.44832
44.56448,74.9568,48.61952,74.9568
44.56448,75.03872,48.66048,75.03872
44.56448,75.3664,48.66048,75.3664
58.04032,70.36928,58.04032,69.67296
58.20416,69.50912,58.20416,70.36928
58.08128,70.36928,58.04032,70.36928
58.04032,69.67296,57.58976,69.67296
57.58976,69.50912,58.20416,69.50912
57.58976,72.78592,57.58976,77.57824
57.38496,77.57824,57.38496,74.01472
57.38496,73.89184,57.38496,72.66304
57.58976,78.06976,57.58976,84.00896
57.38496,84.00896,57.38496,78.19264
58.1632,72.54016,58.1632,72.37632
58.28608,72.17152,58.28608,72.54016
38.33856,84.66432,38.33856,76.30848
38.46144,76.43136,38.46144,76.71808
38.46144,76.88192,38.46144,78.06976
38.46144,78.19264,38.46144,84.66432
44.40064,72.37632,42.88512,72.37632
42.88512,72.37632,42.88512,72.25344
42.88512,72.25344,45.58848,72.25344
41.984,72.37632,41.90208,72.37632
41.7792,72.25344,41.984,72.25344
41.984,72.25344,41.984,72.37632
41.90208,72.37632,41.90208,78.06976
41.7792,78.19264,41.7792,76.43136
41.7792,76.30848,41.7792,72.25344
34.73408,69.67296,34.85696,69.67296
34.85696,69.67296,34.85696,69.8368
34.85696,69.8368,34.6112,69.8368
36.08576,69.8368,36.08576,69.67296
36.08576,69.67296,39.07584,69.67296
60.17024,42.43456,57.7536,42.43456
57.7536,42.31168,60.29312,42.31168
45.95712,48.78336,45.95712,48.70144
45.95712,48.57856,45.95712,45.58848
46.12096,44.15488,46.12096,48.78336
34.816,54.14912,34.816,50.95424
34.97984,50.95424,34.97984,54.14912
36.0448,54.14912,36.0448,53.248
36.0448,53.248,36.33152,53.248
36.33152,53.248,36.33152,54.14912
36.12672,54.14912,36.12672,53.32992
36.12672,53.32992,36.2496,53.32992
36.2496,53.32992,36.2496,54.14912
37.23264,54.14912,37.23264,50.95424
37.43744,50.95424,37.43744,54.14912
33.46432,54.14912,33.46432,53.248
33.46432,53.248,33.75104,53.248
33.75104,53.248,33.75104,54.14912
33.54624,54.14912,33.54624,53.32992
33.54624,53.32992,33.66912,53.32992
33.66912,53.32992,33.66912,54.14912
39.69024,54.14912,39.69024,50.95424
39.85408,50.95424,39.85408,54.14912
40.91904,54.14912,40.91904,53.248
40.91904,53.248,41.20576,53.248
41.20576,53.248,41.20576,54.14912
41.00096,54.14912,41.00096,53.32992
41.00096,53.32992,41.12384,53.32992
41.12384,53.32992,41.12384,54.14912
42.10688,54.14912,42.10688,50.95424
42.10688,50.83136,42.10688,50.42176
42.10688,50.42176,42.31168,50.42176
42.31168,50.42176,42.31168,54.14912
42.10688,49.47968,42.10688,49.31584
42.10688,49.31584,42.1888,49.31584
42.22976,49.31584,42.31168,49.31584
42.31168,49.31584,42.31168,49.47968
42.31168,49.47968,42.10688,49.47968
42.27072,49.31584,42.27072,49.47968
42.14784,49.47968,42.14784,49.31584
38.33856,54.14912,38.33856,53.248
38.33856,53.248,38.62528,53.248
38.62528,53.248,38.62528,54.14912
38.42048,54.14912,38.42048,53.32992
38.42048,53.32992,38.54336,53.32992
38.54336,53.32992,38.54336,54.14912
45.91616,45.4656,45.91616,44.032
42.14784,44.15488,40.42752,44.15488
40.42752,44.15488,40.42752,44.032
40.42752,44.032,42.31168,44.032
39.5264,44.15488,38.42048,44.15488
38.2976,44.032,39.5264,44.032
39.5264,44.032,39.5264,44.15488
49.80736,48.5376,49.80736,44.15488
49.93024,44.15488,49.93024,48.5376
27.48416,66.23232,25.68192,66.23232
22.56896,66.10944,22.56896,65.57696
23.67488,65.57696,23.67488,66.23232
26.37824,66.10944,26.37824,65.57696
27.48416,65.57696,27.48416,66.23232
31.29344,65.57696,31.29344,66.23232
31.29344,66.23232,30.22848,66.23232
30.22848,66.23232,30.22848,65.57696
57.58976,66.06848,57.87648,66.06848
58.04032,66.23232,57.58976,66.23232
57.87648,66.06848,57.87648,65.41312
58.04032,65.57696,58.04032,66.23232
12.82048,65.57696,12.82048,66.10944
12.82048,66.23232,12.82048,66.80576
12.82048,66.80576,12.16512,66.80576
26.37824,84.66432,26.37824,84.00896
26.37824,84.00896,27.48416,84.00896
27.48416,84.00896,27.48416,84.66432
34.03776,84.66432,34.03776,84.00896
34.03776,84.00896,35.10272,84.00896
35.10272,84.00896,35.10272,84.66432
41.65632,84.66432,41.65632,84.00896
41.65632,84.00896,42.76224,84.00896
42.76224,84.00896,42.76224,84.66432
49.31584,84.66432,49.31584,84.00896
49.31584,84.00896,50.3808,84.00896
50.3808,84.00896,50.3808,84.66432
56.9344,84.66432,56.9344,84.00896
56.9344,84.00896,57.38496,84.00896
57.58976,84.00896,58.04032,84.00896
58.04032,84.00896,58.04032,84.66432
65.65888,66.23232,65.20832,66.23232
65.08544,66.23232,64.59392,66.23232
64.59392,66.23232,64.59392,65.57696
65.65888,65.57696,65.65888,66.23232
72.704,66.23232,72.21248,66.23232
73.3184,66.23232,72.82688,66.23232
72.21248,66.23232,72.21248,65.57696
73.3184,65.57696,73.3184,66.23232
87.94112,66.23232,87.49056,66.23232
87.49056,66.23232,87.49056,65.61792
64.55296,84.66432,64.55296,83.968
64.55296,83.968,65.04448,83.968
32.07168,45.6704,32.07168,45.21984
32.07168,45.21984,32.19456,45.21984
32.19456,45.21984,32.19456,45.6704
32.07168,44.31872,32.07168,44.032
32.19456,44.15488,32.19456,44.31872
32.19456,44.31872,32.07168,44.31872
32.07168,44.032,34.65216,44.032
34.48832,44.15488,32.19456,44.15488
46.08,49.31584,46.08,54.14912
45.95712,54.14912,45.95712,49.31584
45.95712,49.31584,46.08,49.31584
19.41504,84.00896,19.82464,84.00896
19.82464,84.00896,19.82464,84.66432
19.21024,83.80416,19.41504,83.80416
19.21024,82.90304,19.41504,82.90304
12.16512,78.848,12.82048,78.848
12.82048,78.848,12.82048,79.50336
12.16512,71.35232,12.16512,77.74208
12.16512,77.90592,12.16512,78.848
12.16512,66.80576,12.16512,70.28736
12.16512,70.28736,12.86144,70.28736
12.86144,70.28736,12.86144,71.35232
12.86144,71.35232,12.16512,71.35232
18.75968,65.57696,12.82048,65.57696
22.56896,65.57696,19.82464,65.57696
26.37824,65.57696,25.68192,65.57696
25.55904,65.57696,23.67488,65.57696
30.22848,65.57696,27.48416,65.57696
64.59392,65.57696,61.39904,65.57696
61.27616,65.57696,58.04032,65.57696
72.21248,65.57696,69.0176,65.57696
68.89472,65.57696,65.65888,65.57696
76.51328,65.57696,73.3184,65.57696
95.19104,66.23232,95.19104,65.57696
95.19104,65.57696,88.39168,65.57696
95.19104,70.49216,95.19104,66.92864
58.04032,84.66432,64.55296,84.66432
50.3808,84.66432,56.9344,84.66432
42.76224,84.66432,49.31584,84.66432
35.10272,84.66432,38.33856,84.66432
38.46144,84.66432,41.65632,84.66432
27.48416,84.66432,29.0816,84.66432
29.24544,84.66432,34.03776,84.66432
19.82464,84.66432,26.37824,84.66432
12.16512,84.00896,12.16512,84.66432
12.16512,84.66432,18.96448,84.66432
12.16512,79.74912,12.16512,82.49344
12.16512,82.69824,12.16512,83.31264
12.82048,35.26656,12.82048,35.88096
12.82048,35.88096,11.75552,35.88096
11.75552,35.88096,11.75552,35.4304
11.75552,35.4304,10.52672,35.4304
10.52672,35.4304,10.52672,43.86816
10.52672,43.86816,11.75552,43.86816
11.75552,43.86816,11.75552,43.37664
11.75552,43.37664,12.82048,43.37664
12.82048,43.37664,12.82048,44.48256
12.82048,44.48256,12.16512,44.48256
12.16512,44.48256,12.16512,47.9232
12.16512,47.9232,12.82048,47.9232
12.82048,47.9232,12.82048,49.19296
12.16512,31.41632,12.16512,34.89792
18.96448,30.1056,12.16512,30.1056
12.16512,30.1056,12.16512,30.76096
47.104,30.1056,42.76224,30.1056
58.04032,30.76096,57.5488,30.76096
64.83968,43.86816,66.23232,43.86816
66.23232,43.86816,66.23232,35.4304
66.23232,35.4304,65.00352,35.4304
65.00352,35.4304,65.00352,35.88096
65.00352,35.88096,63.93856,35.88096
63.93856,35.88096,63.93856,34.816
63.93856,34.816,64.63488,34.816
64.63488,34.816,64.63488,31.3344
64.63488,31.3344,63.93856,31.3344
63.93856,31.3344,63.93856,30.1056
63.93856,30.1056,58.04032,30.1056
64.63488,47.84128,64.63488,47.5136
64.63488,47.3088,64.63488,44.35968
50.3808,48.5376,50.3808,49.19296
50.3808,49.19296,56.9344,49.19296
56.9344,49.19296,56.9344,48.57856
56.9344,48.57856,57.38496,48.57856
49.31584,48.5376,49.80736,48.5376
49.93024,48.5376,50.3808,48.5376
49.47968,54.14912,49.47968,49.5616
49.47968,49.5616,49.31584,49.5616
49.31584,49.5616,49.31584,48.5376
23.51104,54.14912,32.3584,54.14912
32.5632,54.14912,33.46432,54.14912
33.75104,54.14912,34.816,54.14912
34.97984,54.14912,36.0448,54.14912
36.33152,54.14912,37.23264,54.14912
37.43744,54.14912,38.33856,54.14912
38.62528,54.14912,39.69024,54.14912
39.85408,54.14912,40.91904,54.14912
41.20576,54.14912,42.10688,54.14912
42.31168,54.14912,45.95712,54.14912
46.08,54.14912,49.47968,54.14912
23.51104,49.5616,23.51104,54.14912
23.67488,48.5376,23.67488,49.19296
23.67488,49.39776,23.67488,49.5616
22.56896,49.19296,22.56896,48.5376
22.56896,48.5376,23.67488,48.5376
19.82464,49.19296,21.25824,49.19296
21.38112,49.19296,22.56896,49.19296
12.82048,49.19296,18.75968,49.19296
18.75968,49.19296,18.75968,48.5376
18.75968,48.5376,19.82464,48.5376
19.82464,48.5376,19.82464,49.19296
23.67488,49.5616,23.51104,49.5616
65.04448,83.968,65.04448,72.78592
65.37216,72.62208,65.37216,84.1728
34.52928,41.3696,34.93888,41.3696
34.93888,41.3696,34.93888,41.49248
34.93888,41.49248,34.65216,41.49248
36.74112,41.3696,36.98688,41.3696
36.864,41.49248,36.74112,41.49248
36.74112,41.49248,36.74112,41.3696
36.98688,41.3696,36.98688,42.31168
36.864,42.43456,36.864,41.49248
45.38368,42.31168,45.38368,41.3696
45.50656,41.49248,45.50656,42.43456
45.38368,41.3696,46.08,41.3696
46.08,41.3696,46.08,41.49248
46.08,41.49248,45.50656,41.49248
46.98112,41.3696,47.104,41.3696
47.104,41.49248,46.98112,41.49248
46.98112,41.49248,46.98112,41.3696
21.38112,44.15488,21.38112,45.17888
21.38112,45.17888,21.25824,45.17888
21.25824,45.17888,21.25824,45.056
21.25824,44.93312,21.25824,44.032
21.38112,46.08,21.38112,49.19296
21.25824,49.19296,21.25824,46.08
21.25824,46.08,21.38112,46.08
34.73408,66.06848,34.73408,69.67296
34.6112,69.8368,34.6112,66.23232
45.95712,69.71392,45.95712,66.02752
45.99808,66.02752,45.99808,69.67296
32.93184,30.1056,32.93184,42.31168
32.80896,42.43456,32.80896,41.61536
58.1632,72.37632,57.7536,72.37632
57.58976,72.17152,58.28608,72.17152
57.22112,72.37632,55.66464,72.37632
55.66464,72.37632,55.66464,72.17152
55.66464,72.17152,57.38496,72.17152
54.76352,72.37632,54.6816,72.37632
54.59968,72.37632,53.90336,72.37632
53.78048,72.54016,53.78048,72.17152
53.78048,72.17152,54.76352,72.17152
54.76352,72.17152,54.76352,72.37632
52.67456,38.62528,49.93024,38.62528
49.80736,38.5024,52.67456,38.5024
66.60096,70.4512,66.60096,70.41024
66.60096,70.41024,67.82976,70.41024
67.82976,70.41024,67.82976,70.4512
67.82976,70.36928,66.60096,70.36928
67.82976,70.49216,66.60096,70.49216
68.8128,70.36928,68.85376,70.36928
68.85376,70.36928,68.85376,70.36928
68.8128,70.36928,68.8128,70.49216
68.8128,70.49216,68.85376,70.49216
68.85376,70.49216,68.85376,70.49216
66.56,70.36928,66.56,70.36928
66.56,70.36928,66.60096,70.36928
66.60096,70.36928,66.60096,70.49216
66.60096,70.49216,66.56,70.49216
66.56,70.49216,66.56,70.49216
67.82976,70.36928,67.91168,70.36928
67.91168,70.36928,67.91168,70.49216
67.91168,70.49216,67.82976,70.49216
70.08256,70.4512,70.08256,70.41024
70.08256,70.41024,71.31136,70.41024
71.31136,70.41024,71.31136,70.4512
70.08256,70.49216,71.31136,70.49216
70.08256,70.36928,71.31136,70.36928
69.09952,70.49216,69.05856,70.49216
69.05856,70.49216,69.05856,70.49216
69.09952,70.49216,69.09952,70.36928
69.09952,70.36928,69.05856,70.36928
69.05856,70.36928,69.05856,70.36928
71.39328,70.49216,71.39328,70.49216
71.39328,70.49216,71.31136,70.49216
71.31136,70.49216,71.31136,70.36928
71.31136,70.36928,71.39328,70.36928
71.39328,70.36928,71.39328,70.36928
70.08256,70.49216,70.00064,70.49216
70.00064,70.49216,70.00064,70.36928
70.00064,70.36928,70.08256,70.36928
62.464,70.4512,62.464,70.41024
62.464,70.41024,63.6928,70.41024
63.6928,70.41024,63.6928,70.4512
62.464,70.49216,63.6928,70.49216
62.464,70.36928,63.6928,70.36928
61.48096,70.49216,61.44,70.49216
61.44,70.49216,61.44,70.49216
61.48096,70.49216,61.48096,70.36928
61.48096,70.36928,61.44,70.36928
61.44,70.36928,61.44,70.36928
63.77472,70.49216,63.77472,70.49216
63.77472,70.49216,63.6928,70.49216
63.6928,70.49216,63.6928,70.36928
63.6928,70.36928,63.77472,70.36928
63.77472,70.36928,63.77472,70.36928
62.464,70.49216,62.38208,70.49216
62.38208,70.49216,62.38208,70.36928
62.38208,70.36928,62.464,70.36928
58.90048,70.4512,58.90048,70.41024
58.90048,70.41024,60.17024,70.41024
60.17024,70.41024,60.17024,70.4512
60.17024,70.36928,58.90048,70.36928
60.17024,70.49216,58.90048,70.49216
61.11232,70.36928,61.19424,70.36928
61.19424,70.36928,61.19424,70.36928
61.11232,70.36928,61.11232,70.49216
61.11232,70.49216,61.19424,70.49216
61.19424,70.49216,61.19424,70.49216
58.85952,70.36928,58.85952,70.36928
58.85952,70.36928,58.90048,70.36928
58.90048,70.36928,58.90048,70.49216
58.90048,70.49216,58.85952,70.49216
58.85952,70.49216,58.85952,70.49216
60.17024,70.36928,60.2112,70.36928
60.2112,70.36928,60.2112,70.49216
60.2112,70.49216,60.17024,70.49216
47.104,41.3696,47.104,30.1056
47.22688,29.9008,47.22688,31.04768
47.22688,31.17056,47.22688,36.864
52.79744,42.31168,55.296,42.31168
55.296,42.31168,55.296,42.43456
55.296,42.43456,52.59264,42.43456
57.09824,42.31168,57.22112,42.31168
57.22112,42.43456,57.09824,42.43456
57.09824,42.43456,57.09824,42.31168
57.42592,36.6592,57.42592,31.17056
57.42592,31.04768,57.42592,30.59712
57.5488,30.76096,57.5488,36.6592
57.5488,36.6592,57.50784,36.6592
57.46688,36.6592,57.42592,36.6592
52.67456,38.5024,52.67456,36.98688
47.22688,36.864,49.5616,36.864
50.13504,36.864,52.79744,36.864
52.67456,36.98688,50.13504,36.98688
49.5616,36.98688,47.22688,36.98688
41.82016,48.57856,41.82016,47.39072
42.31168,47.47264,41.86112,47.47264
41.86112,47.47264,41.86112,48.57856
41.82016,47.39072,42.31168,47.39072
34.6112,66.23232,34.03776,66.23232
34.03776,66.23232,34.03776,65.57696
34.65216,41.49248,34.65216,42.06592
34.52928,42.06592,34.52928,41.3696
34.32448,42.43456,32.80896,42.43456
32.93184,42.31168,34.32448,42.31168
16.87552,35.26656,16.87552,35.38944
16.87552,35.38944,16.75264,35.38944
16.75264,35.38944,16.75264,35.26656
16.87552,36.29056,16.87552,36.78208
17.32608,36.90496,16.75264,36.90496
16.75264,36.90496,16.75264,36.29056
16.75264,36.29056,16.87552,36.29056
16.87552,36.78208,17.44896,36.78208
21.25824,45.056,21.17632,45.056
21.17632,45.056,21.17632,44.93312
21.17632,44.93312,21.25824,44.93312
20.2752,45.056,19.53792,45.056
19.6608,44.032,19.6608,44.93312
19.6608,44.93312,20.2752,44.93312
20.2752,44.93312,20.2752,45.056
19.53792,45.056,19.53792,44.15488
19.53792,44.15488,17.32608,44.15488
17.44896,44.032,19.6608,44.032
53.90336,73.89184,54.59968,73.89184
54.6816,73.89184,57.38496,73.89184
57.38496,74.01472,53.90336,74.01472
89.12896,70.53312,94.69952,70.53312
94.69952,70.8608,89.86624,70.8608
31.41632,28.38528,32.60416,28.38528
32.80896,28.18048,31.21152,28.18048
31.41632,29.57312,31.41632,28.38528
31.21152,28.18048,31.21152,29.57312
32.80896,29.57312,32.80896,28.18048
32.60416,28.38528,32.60416,29.57312
35.10272,30.1056,41.65632,30.1056
41.65632,30.1056,41.65632,30.76096
41.65632,30.76096,42.76224,30.76096
42.76224,30.76096,42.76224,30.1056
32.93184,30.1056,34.03776,30.1056
34.03776,30.1056,34.03776,30.76096
34.03776,30.76096,35.10272,30.76096
35.10272,30.76096,35.10272,30.1056
40.22272,28.38528,41.61536,28.38528
41.82016,28.18048,40.01792,28.18048
40.22272,29.57312,40.22272,28.38528
40.01792,28.18048,40.01792,29.57312
41.82016,29.57312,41.82016,28.18048
41.61536,28.38528,41.61536,29.57312
85.52448,70.32832,86.8352,70.32832
86.8352,70.32832,86.8352,70.49216
87.73632,70.32832,87.94112,70.32832
87.94112,70.49216,87.73632,70.49216
87.73632,70.49216,87.73632,70.32832
27.07456,42.10688,29.696,42.10688
29.98272,42.43456,27.19744,42.43456
32.60416,41.28768,32.60416,29.9008
32.44032,41.61536,32.80896,41.61536
27.27936,29.9008,34.2016,29.9008
29.696,42.10688,29.696,41.28768
29.696,41.28768,30.02368,41.28768
29.98272,41.61536,29.98272,42.43456
30.02368,41.28768,30.02368,41.61536
30.02368,41.61536,29.98272,41.61536
32.44032,41.61536,32.44032,41.28768
32.44032,41.28768,32.60416,41.28768
19.49696,37.10976,19.49696,41.28768
19.16928,42.10688,19.16928,37.64224
19.16928,37.64224,19.29216,37.64224
19.29216,37.64224,19.29216,37.35552
19.29216,37.35552,19.16928,37.35552
19.16928,37.35552,19.16928,37.19168
21.38112,42.10688,26.8288,42.10688
26.66496,42.43456,21.05344,42.43456
21.05344,42.43456,21.05344,41.61536
21.38112,41.28768,21.38112,42.10688
21.05344,41.61536,20.60288,41.61536
20.60288,41.61536,20.60288,41.28768
20.60288,41.28768,21.38112,41.28768
19.70176,41.61536,19.29216,41.61536
19.49696,41.28768,19.70176,41.28768
19.70176,41.28768,19.70176,41.61536
60.17024,44.032,60.17024,43.90912
60.17024,43.90912,60.29312,43.90912
60.29312,43.90912,60.29312,44.032
60.17024,42.88512,60.17024,42.43456
60.29312,42.31168,60.29312,42.88512
60.29312,42.88512,60.17024,42.88512
82.20672,77.74208,82.20672,72.62208
41.90208,78.06976,42.10688,78.06976
42.31168,78.06976,44.40064,78.06976
38.33856,76.30848,39.85408,76.30848
39.85408,76.30848,39.85408,76.43136
39.85408,76.43136,39.77216,76.43136
39.64928,76.43136,38.46144,76.43136
41.65632,76.30848,41.7792,76.30848
41.7792,76.43136,41.65632,76.43136
41.65632,76.43136,41.65632,76.30848
58.04032,30.1056,58.04032,30.76096
47.22688,31.04768,57.42592,31.04768
57.42592,31.17056,47.22688,31.17056
19.29216,41.61536,19.29216,42.06592
34.03776,65.57696,31.29344,65.57696
52.67456,42.31168,52.67456,38.62528
52.79744,36.864,52.79744,42.31168
96.13312,70.0416,96.13312,63.24224
95.92832,63.24224,95.92832,70.0416
97.32096,63.24224,97.32096,70.0416
97.52576,70.0416,97.52576,63.24224
95.88736,72.704,98.75456,72.704
98.95936,72.9088,95.88736,72.9088
95.88736,70.0416,98.95936,70.0416
98.75456,72.704,98.75456,70.2464
98.75456,70.2464,95.88736,70.2464
98.95936,70.0416,98.95936,72.9088
57.5488,37.19168,57.5488,42.06592
57.42592,42.06592,57.42592,37.19168
57.42592,37.19168,57.46688,37.19168
57.50784,37.19168,57.5488,37.19168
18.75968,66.10944,18.75968,65.57696
19.82464,65.57696,19.82464,66.10944
26.66496,77.90592,19.57888,77.90592
19.0464,77.90592,17.32608,77.90592
17.28512,77.74208,19.0464,77.74208
19.57888,77.74208,25.55904,77.74208
25.68192,77.74208,26.66496,77.74208
17.16224,79.50336,17.16224,78.848
17.16224,78.848,17.32608,78.848
17.32608,78.848,17.32608,79.09376
17.32608,79.38048,17.32608,79.50336
17.16224,77.94688,17.16224,77.90592
17.32608,77.90592,17.32608,77.94688
17.32608,77.94688,17.16224,77.94688
32.64512,72.41728,32.64512,72.41728
32.64512,72.41728,31.5392,72.41728
31.5392,72.41728,31.5392,72.41728
31.5392,72.4992,32.64512,72.4992
31.5392,72.33536,32.64512,72.33536
32.68608,72.4992,32.64512,72.4992
32.64512,72.4992,32.64512,72.33536
32.64512,72.33536,32.68608,72.33536
38.2976,72.41728,38.2976,72.41728
38.2976,72.41728,37.23264,72.41728
37.23264,72.41728,37.23264,72.41728
37.23264,72.4992,38.2976,72.4992
37.23264,72.33536,38.2976,72.33536
34.89792,72.4992,34.85696,72.4992
34.85696,72.4992,34.85696,72.33536
34.85696,72.33536,34.89792,72.33536
36.00384,72.41728,36.00384,72.41728
36.00384,72.41728,34.89792,72.41728
34.89792,72.41728,34.89792,72.41728
34.89792,72.4992,36.00384,72.4992
34.89792,72.33536,36.00384,72.33536
36.08576,72.4992,36.00384,72.4992
36.00384,72.4992,36.00384,72.33536
36.00384,72.33536,36.08576,72.33536
37.15072,72.41728,37.15072,72.41728
37.15072,72.41728,36.08576,72.41728
36.08576,72.41728,36.08576,72.41728
36.08576,72.4992,37.15072,72.4992
36.08576,72.33536,37.15072,72.33536
37.23264,72.4992,37.15072,72.4992
37.15072,72.4992,37.15072,72.33536
37.15072,72.33536,37.23264,72.33536
30.35136,72.41728,30.35136,72.41728
30.35136,72.41728,29.20448,72.41728
29.20448,72.41728,29.20448,72.41728
29.20448,72.4992,30.35136,72.4992
29.20448,72.33536,30.35136,72.33536
30.39232,72.4992,30.35136,72.4992
30.35136,72.4992,30.35136,72.33536
30.35136,72.33536,30.39232,72.33536
31.45728,72.41728,31.45728,72.41728
31.45728,72.41728,30.39232,72.41728
30.39232,72.41728,30.39232,72.41728
30.39232,72.4992,31.45728,72.4992
30.39232,72.33536,31.45728,72.33536
31.5392,72.4992,31.45728,72.4992
31.45728,72.4992,31.45728,72.33536
31.45728,72.33536,31.5392,72.33536
29.24544,79.54432,29.24544,84.66432
29.0816,84.66432,29.0816,79.54432
29.0816,79.54432,29.24544,79.54432
25.68192,65.57696,25.68192,66.10944
25.68192,66.23232,25.68192,66.47808
25.68192,66.47808,25.55904,66.47808
25.55904,66.47808,25.55904,65.57696
25.68192,67.3792,25.68192,67.82976
25.55904,67.9936,25.55904,67.3792
25.55904,67.3792,25.68192,67.3792
38.37952,72.4992,38.37952,72.4992
38.37952,72.4992,38.37952,73.40032
38.37952,73.40032,38.37952,73.40032
38.46144,73.40032,38.46144,72.4992
38.2976,73.40032,38.2976,72.4992
38.2976,76.26752,38.46144,76.26752
38.46144,72.33536,38.46144,72.4992
38.46144,72.4992,38.2976,72.4992
38.2976,72.4992,38.2976,72.33536
38.37952,74.38336,38.37952,74.38336
38.37952,74.38336,38.37952,75.28448
38.37952,75.28448,38.37952,75.28448
38.46144,75.28448,38.46144,74.38336
38.2976,75.28448,38.2976,74.38336
38.46144,74.3424,38.46144,74.38336
38.46144,74.38336,38.2976,74.38336
38.2976,74.38336,38.2976,74.3424
38.37952,73.44128,38.37952,73.44128
38.37952,73.44128,38.37952,74.3424
38.37952,74.3424,38.37952,74.3424
38.46144,74.3424,38.46144,73.44128
38.2976,74.3424,38.2976,73.44128
38.46144,73.40032,38.46144,73.44128
38.46144,73.44128,38.2976,73.44128
38.2976,73.44128,38.2976,73.40032
29.16352,73.56416,29.12256,73.56416
29.12256,73.56416,29.12256,72.4992
29.12256,72.4992,29.16352,72.4992
29.20448,73.56416,29.20448,72.4992
29.0816,73.56416,29.0816,72.4992
29.20448,77.94688,29.20448,77.98784
29.20448,77.98784,29.0816,77.98784
29.0816,77.98784,29.0816,77.94688
29.20448,72.33536,29.20448,72.4992
29.20448,72.4992,29.0816,72.4992
29.0816,72.4992,29.0816,72.33536
29.16352,77.94688,29.12256,77.94688
29.12256,77.94688,29.12256,76.88192
29.12256,76.88192,29.16352,76.88192
29.20448,77.94688,29.20448,76.88192
29.0816,77.94688,29.0816,76.88192
29.20448,76.84096,29.20448,76.88192
29.20448,76.88192,29.0816,76.88192
29.0816,76.88192,29.0816,76.84096
29.16352,76.84096,29.12256,76.84096
29.12256,76.84096,29.12256,75.776
29.12256,75.776,29.16352,75.776
29.20448,76.84096,29.20448,75.776
29.0816,76.84096,29.0816,75.776
29.20448,75.73504,29.20448,75.776
29.20448,75.776,29.0816,75.776
29.0816,75.776,29.0816,75.73504
29.16352,74.62912,29.12256,74.62912
29.12256,74.62912,29.12256,73.60512
29.12256,73.60512,29.16352,73.60512
29.20448,74.62912,29.20448,73.60512
29.0816,74.62912,29.0816,73.60512
29.20448,73.56416,29.20448,73.60512
29.20448,73.60512,29.0816,73.60512
29.0816,73.60512,29.0816,73.56416
29.16352,75.73504,29.12256,75.73504
29.12256,75.73504,29.12256,74.71104
29.12256,74.71104,29.16352,74.71104
29.20448,75.73504,29.20448,74.71104
29.0816,75.73504,29.0816,74.71104
29.20448,74.62912,29.20448,74.71104
29.20448,74.71104,29.0816,74.71104
29.0816,74.71104,29.0816,74.62912
19.82464,66.10944,22.56896,66.10944
23.67488,66.23232,12.82048,66.23232
12.82048,66.10944,18.75968,66.10944
25.68192,66.10944,26.37824,66.10944
22.97856,80.93696,19.41504,80.93696
19.41504,80.81408,22.85568,80.81408
22.97856,79.50336,22.97856,80.93696
22.85568,80.81408,22.85568,79.50336
22.85568,79.50336,22.97856,79.50336
38.37952,75.3664,38.37952,75.3664
38.37952,75.3664,38.37952,76.26752
38.37952,76.26752,38.37952,76.26752
38.46144,76.30848,38.46144,75.3664
38.2976,76.30848,38.2976,75.3664
38.46144,75.28448,38.46144,75.3664
38.46144,75.3664,38.2976,75.3664
38.2976,75.3664,38.2976,75.28448
26.74688,67.82976,26.74688,72.17152
26.74688,72.62208,26.74688,75.81696
26.624,75.69408,26.624,67.9936
25.68192,75.81696,25.68192,76.30848
25.68192,76.30848,25.55904,76.30848
25.55904,76.30848,25.55904,75.69408
25.68192,77.2096,25.68192,77.74208
25.55904,77.74208,25.55904,77.2096
25.55904,77.2096,25.68192,77.2096
26.624,67.9936,25.55904,67.9936
25.68192,67.82976,26.74688,67.82976
25.55904,75.69408,26.624,75.69408
26.74688,75.81696,25.68192,75.81696
76.67712,70.32832,76.75904,70.32832
76.75904,70.32832,76.75904,70.49216
79.17568,70.32832,85.36064,70.32832
86.8352,70.49216,79.17568,70.49216
79.17568,70.49216,79.17568,70.32832
17.16224,77.90592,12.16512,77.90592
12.16512,77.74208,17.28512,77.74208
17.28512,77.74208,17.28512,77.74208
57.30304,70.49216,57.30304,70.32832
57.30304,70.32832,57.38496,70.32832
56.36096,70.49216,50.09408,70.49216
50.09408,70.49216,50.09408,70.32832
50.09408,70.32832,56.36096,70.32832
49.152,70.49216,48.82432,70.49216
49.07008,66.19136,49.07008,70.32832
49.07008,70.32832,49.152,70.32832
49.152,70.32832,49.152,70.49216
48.82432,70.49216,48.82432,69.8368
48.82432,69.67296,48.82432,65.37216
50.33984,65.49504,50.33984,66.19136
50.33984,66.19136,49.07008,66.19136
57.09824,65.41312,57.09824,66.06848
57.38496,66.19136,57.01632,66.19136
57.01632,66.19136,57.01632,65.49504
57.01632,65.49504,50.33984,65.49504
57.09824,66.06848,57.38496,66.06848
57.42592,66.1504,57.42592,66.06848
43.70432,45.4656,43.70432,44.76928
43.8272,44.68736,43.8272,45.4656
43.70432,44.76928,43.6224,44.76928
43.6224,44.76928,43.6224,44.68736
43.6224,44.68736,43.8272,44.68736
42.43456,44.76928,42.31168,44.76928
42.31168,44.68736,42.43456,44.68736
42.43456,44.68736,42.43456,44.76928
39.77216,76.43136,39.77216,78.19264
39.64928,78.06976,39.64928,76.88192
39.64928,76.71808,39.64928,76.43136
39.77216,78.19264,38.46144,78.19264
38.46144,78.06976,39.64928,78.06976
39.64928,76.88192,38.46144,76.88192
38.46144,76.71808,39.64928,76.71808
86.6304,65.08544,86.6304,64.3072
86.79424,64.1024,86.79424,65.08544
85.64736,65.08544,85.64736,64.1024
85.85216,64.3072,85.85216,65.08544
83.968,65.08544,83.968,64.3072
84.13184,64.1024,84.13184,65.08544
82.98496,65.08544,82.98496,64.1024
83.18976,64.3072,83.18976,65.08544
82.98496,64.1024,84.13184,64.1024
83.968,64.3072,83.18976,64.3072
85.64736,64.1024,86.79424,64.1024
86.6304,64.3072,85.85216,64.3072
57.58976,47.3088,64.63488,47.3088
64.63488,47.5136,57.58976,47.5136
14.90944,82.69824,12.16512,82.69824
12.16512,82.49344,14.70464,82.49344
14.70464,82.49344,14.70464,82.08384
14.90944,82.28864,14.90944,82.69824
14.70464,82.08384,19.21024,82.08384
19.21024,82.28864,14.90944,82.28864
54.59968,73.89184,54.59968,72.37632
54.6816,72.37632,54.6816,73.89184
85.36064,65.61792,80.93696,65.61792
80.93696,65.61792,80.93696,66.23232
80.93696,66.23232,79.872,66.23232
79.872,66.23232,79.872,65.61792
79.872,65.61792,76.67712,65.61792
87.49056,65.61792,85.52448,65.61792
47.22688,42.31168,48.57856,42.31168
48.57856,42.31168,48.57856,42.43456
48.57856,42.43456,47.104,42.43456
49.47968,42.31168,49.5616,42.31168
50.13504,42.31168,51.69152,42.31168
51.69152,42.31168,51.69152,42.43456
51.69152,42.43456,50.13504,42.43456
49.5616,42.43456,49.47968,42.43456
49.47968,42.43456,49.47968,42.31168
52.59264,42.43456,52.59264,42.31168
52.59264,42.31168,52.67456,42.31168
49.47968,84.86912,50.21696,84.86912
50.21696,65.37216,50.21696,66.06848
50.21696,66.06848,49.47968,66.06848
49.47968,66.06848,49.47968,65.37216
46.36672,65.37216,46.36672,66.06848
46.36672,66.06848,45.6704,66.06848
45.6704,66.06848,45.6704,65.37216
42.55744,65.37216,42.55744,66.06848
42.55744,66.06848,41.86112,66.06848
41.86112,66.06848,41.86112,65.37216
38.74816,65.37216,38.74816,66.06848
38.74816,66.06848,38.05184,66.06848
38.05184,66.06848,38.05184,65.37216
34.93888,65.37216,34.93888,66.06848
34.93888,66.06848,34.2016,66.06848
34.2016,66.06848,34.2016,65.37216
31.08864,65.37216,31.08864,66.06848
31.08864,66.06848,30.39232,66.06848
30.39232,66.06848,30.39232,65.37216
27.27936,65.37216,27.27936,66.06848
27.27936,66.06848,26.58304,66.06848
26.58304,66.06848,26.58304,65.37216
23.47008,65.37216,23.47008,66.06848
23.47008,66.06848,22.77376,66.06848
22.77376,66.06848,22.77376,65.37216
19.6608,65.37216,19.6608,66.06848
19.6608,66.06848,18.96448,66.06848
18.96448,66.06848,18.96448,65.37216
41.00096,54.14912,41.12384,54.14912
30.55616,45.79328,30.96576,45.79328
43.90912,69.8368,43.90912,69.71392
44.97408,69.71392,44.97408,69.8368
41.69728,69.71392,41.69728,69.8368
40.18176,69.71392,40.18176,69.8368
60.90752,85.48352,67.1744,85.48352
69.67296,85.48352,76.1856,85.48352
76.1856,85.48352,76.1856,88.76032
76.1856,92.3648,76.1856,92.52864
76.47232,92.3648,76.47232,92.52864
76.1856,93.51168,76.1856,96.78848
76.47232,85.1968,76.47232,88.4736
76.47232,93.83936,76.47232,97.11616
76.1856,96.78848,60.90752,96.78848
76.47232,92.52864,76.1856,92.52864
76.47232,97.11616,60.6208,97.11616
60.90752,96.78848,60.90752,85.48352
60.6208,97.11616,60.6208,85.1968
67.1744,85.1968,67.1744,85.48352
69.67296,85.1968,69.67296,85.48352
76.1856,92.3648,76.47232,92.3648
76.1856,88.76032,81.3056,88.76032
76.47232,88.4736,81.59232,88.4736
81.3056,88.76032,81.3056,93.51168
81.59232,88.4736,81.59232,93.83936
81.3056,93.51168,76.1856,93.51168
81.59232,93.83936,76.47232,93.83936
