60.8389,15.0809,60.8389,13.2666
0.9887,40.3049,64.8519,40.2121
21.6452,40.2248,21.6452,31.2226
21.6452,31.2226,21.7249,31.3540
30.1670,40.1591,30.2467,31.2882
64.8918,39.9619,64.8918,45.6788
64.8918,45.6788,73.7322,45.6129
73.8915,40.2248,108.0588,40.2248
108.0588,40.2248,108.1384,19.7232
108.1384,19.7232,112.0409,19.5918
112.0409,19.5918,111.9613,12.1666
111.9613,12.1666,105.1916,12.0352
105.1916,12.0352,105.1120,13.1523
105.1120,13.1523,104.9526,13.3493
104.9526,13.3493,52.5470,13.0866
12.4065,28.9227,12.4065,28.5941
25.3884,28.3970,25.3088,22.3517
32.7954,28.3312,32.7156,22.2861
26.6628,22.3517,39.2465,22.2861
42.6713,22.3517,54.1399,22.3517
5.6367,13.1523,5.6367,19.7889
10.8137,19.7889,14.6366,19.7232
18.9372,19.6576,22.2027,19.6576
9.3801,13.3493,9.4597,19.7232
13.9197,13.2179,14.0790,19.7232
17.5036,13.0866,17.4240,19.5918
22.2027,13.1523,22.1230,19.8547
25.5478,13.1523,25.6274,19.7232
23.3973,19.6576,28.4946,19.7232
30.0874,13.1523,30.0079,19.9204
30.0079,19.9204,30.0874,19.5918
29.5300,19.6576,30.5653,19.6576
33.8307,13.1523,33.7510,19.7889
30.0079,13.2179,30.0874,19.5918
41.1580,13.0866,41.0783,14.1379
41.0783,15.1236,41.1580,19.6576
44.6623,13.2837,44.7419,19.7889
21.8044,31.3540,25.1495,31.2882
65.0511,31.4196,64.9715,38.5821
81.7763,37.1364,81.7763,40.0934
84.0063,31.2882,89.6610,31.2882
89.6610,31.2882,89.6610,36.0194
89.6610,36.0194,86.5549,36.0194
86.5620,40.1887,86.5620,37.0989
89.8284,40.2121,89.8284,37.1918
99.8528,35.9837,100.9227,35.9837
100.9790,37.1918,101.6830,37.1686
102.7812,37.1918,108.1312,37.1918
100.8946,22.3465,108.1312,22.3698
81.7470,22.3930,80.1982,22.3930
83.2392,25.8546,83.3237,28.5032
83.2392,25.9243,83.2674,22.4162
84.4219,22.4394,84.4219,28.4101
81.0710,22.3001,81.0992,21.7658
81.0429,20.0465,81.0429,19.8143
104.8650,19.7446,105.4563,19.7213
106.7234,19.7213,108.1877,19.6982
105.1747,19.7446,105.1747,13.2165
103.7105,19.7213,100.9227,19.7213
99.7682,19.6982,95.4038,19.6982
94.1928,19.6749,92.8131,19.6982
91.6586,19.6749,88.7865,19.7213
87.6320,19.7679,78.4243,19.8143
76.9318,19.7446,76.2278,19.7446
75.1297,19.7446,72.4828,19.7213
101.1761,19.6517,101.1199,13.2396
97.4310,19.6517,97.4592,13.2165
93.0383,19.6749,93.0947,13.1235
89.0963,19.7213,89.0681,13.1003
81.1837,19.7911,81.1274,13.0072
76.5939,19.7446,76.5939,13.1932
72.9896,19.8143,72.9896,13.1467
68.3716,13.1467,68.3434,19.7446
65.5840,21.9051,65.5840,22.1839
65.5840,22.1839,65.6403,22.4394
63.8382,22.3930,65.5840,22.3930
62.5710,22.3930,55.5033,22.3465
59.8396,19.6982,61.9234,19.6749
63.0779,19.6749,71.3846,19.6749
60.8535,15.0053,60.8535,19.6517
57.2210,19.7213,57.2491,13.1235
73.7485,45.6551,73.7839,39.7179
73.9257,40.2443,73.7662,40.2296
64.8862,39.9810,73.7839,39.9518
81.7720,40.0552,81.7720,40.2414
86.5633,36.0108,86.5633,35.6964
89.6474,36.0254,98.6425,35.9743
25.3783,28.3261,25.3783,28.4870
17.7035,19.6837,15.9844,19.6837
17.4024,19.5082,17.4024,19.6690
9.7453,19.7422,7.1752,19.7422
6.0765,19.7860,5.4559,19.7714
61.1489,22.4287,61.1489,28.6133
61.1489,28.6133,61.1881,28.4839
39.2602,22.2847,42.6654,22.3510
26.1790,31.2478,33.5884,31.2765
37.3627,31.2881,33.5247,31.2486
55.4450,31.2881,39.1235,31.2881
37.7980,31.2684,37.2242,31.2684
63.1013,31.2683,56.3748,31.2683
22.5830,28.6550,19.7911,28.6550
23.7503,28.6408,31.1366,28.5032
19.8278,28.6132,19.8278,22.4875
19.8278,22.3832,25.2497,22.3572
5.4142,13.0427,52.4294,13.0427
79.4829,28.6052,79.5830,22.1993
28.5238,19.8081,61.7966,19.7674
60.4267,28.5820,48.2768,28.6090
46.5139,28.5621,31.2367,28.5306
81.8684,22.2753,86.9179,22.2346
86.9179,22.2346,86.9383,22.0513
86.9383,22.0513,87.7120,22.0513
87.7120,22.0513,87.7120,22.2346
87.7120,22.2346,93.5963,22.1735
93.5963,22.1735,93.6166,21.9699
93.6166,21.9699,94.4107,22.0106
94.4107,22.0106,94.4107,22.2549
94.4107,22.2549,95.6324,22.2549
98.0350,22.2957,100.2950,22.2549
100.2950,22.2549,100.3154,21.9495
100.3154,21.9495,101.3538,21.9292
101.3538,21.9292,101.3334,22.3771
101.3334,22.3771,102.8401,22.3567
102.8401,22.3567,102.8605,19.7709
98.0184,22.2461,98.1108,35.9509
95.6037,28.8723,95.5633,22.3149
95.6440,31.3137,95.6037,35.9544
95.6440,31.2935,89.6717,31.2935
95.5633,28.8925,79.4825,28.7916
81.4315,29.1577,81.4315,28.7973
81.4459,31.2765,81.4315,30.7000
83.0149,30.8594,84.7334,30.8594
84.7334,30.8594,84.7470,31.3095
75.4140,31.2454,75.3396,40.1275
81.4045,31.3034,87.2165,31.2810
77.0821,20.8522,78.6509,20.8277
75.3801,31.2728,63.1614,31.2412
68.6790,22.4281,75.5377,22.4789
60.4879,28.6081,68.6067,28.6081
68.6067,28.6081,68.6316,22.4070
86.8814,36.9752,81.7458,36.9752
73.0839,28.2547,72.2424,28.2547
73.0572,28.2547,73.0572,26.5718
21.0526,31.2751,20.9960,30.6347
21.0149,28.7136,20.9395,29.1091
14.3734,27.8722,14.1849,22.6586
19.9953,31.8296,19.9953,40.1840
